6 8
10022222
10000220
22200220
10022022
10000200
22200100


60
10001101
00000100
10011110
10100110
10011100
11000010
10011001
11000000
10001000
10001110
10100010
10001001
00100010
10011111
10011010
01000010
10000101
10001011
10001100
10010110
00100100
10001010
10000000
11100110
10100100
10000100
01100010
10000110
00000010
00000110
00000000
10100000
01100100
10001111
01000100
10010001
10010010
11100100
10000010
11000110
11000100
11100000
10011011
01100000
10010011
00100110
01100110
01000110
10011000
10000111
10010100
11100010
10010101
10000001
10011101
10010000
00100000
01000000
10000011
10010111
