11 8
20020010
20002222
02002222
02020010
00202222
00020010
02000010
02200010
00002222
00200010
22000010


69
10001101
00000100
01001101
00100111
11000010
01001111
00101100
00000001
00101010
00101111
10001000
10001110
00001011
00001110
10001001
00101110
00100010
01000010
10000101
10001011
10001100
00100100
10001010
10000000
01000101
00000101
10000100
00100101
10000110
00000010
00000110
00000000
01001000
00001001
01100010
01001011
10001111
01000100
00101101
01000111
10010010
00101011
00100001
10000010
01001100
00000111
00101001
00001010
00001101
00001100
00100110
01000110
00001000
00100011
10000111
00010010
01010010
10000001
01000001
00100000
01001010
01000000
01001001
01001110
00101000
00001111
01000011
00000011
10000011
