13 8
20200002
00200000
02200000
00020002
20102001
02200222
20100221
02020002
00202002
00102221
22200002
00220221
00102002


62
00000100
11100001
01010000
10100101
10100001
00100111
11000000
00000001
00110111
00010000
00101111
00010111
00100010
01000010
00100100
10100111
00110001
10000000
01000101
00000101
01100001
00010011
00100101
01100010
00000110
00000010
00000000
10100000
00001001
11000001
01100101
01100100
00110101
01000100
00101101
01000111
00101011
00100001
00000111
00110011
11100000
01100011
01100000
01100111
00101001
01010001
00100011
01100110
01000110
00100110
00001000
10101001
00010001
10000001
01000001
00010101
00100000
01000000
10100011
00101000
01000011
00000011
