10 8
20000110
00202112
00020220
20002110
20200110
02202112
00220222
02220222
00002110
20202110


76
00000100
10101110
10100110
01010000
00100111
01001111
00000001
00110111
00010000
00101111
00010111
10001110
00001110
01010011
00100010
00010100
00101110
01000010
00110000
01010111
01010101
00100100
00010110
00110001
01000101
01101111
00000101
01100001
00010011
00100101
10000110
00000010
00000110
00000000
00110101
01010100
01100010
01100101
01100100
01110000
01110100
01000100
01000111
00100001
01101110
00000111
01110010
00110011
01110111
01100011
01100000
01100111
01010001
00100110
01100110
01000110
00110100
00100011
01110001
00110110
01110011
00010010
01010010
01110101
00010001
01000001
00010101
00100000
01000000
01001110
00001111
01010110
01110110
01000011
00000011
00110010
