11 8
20202000
20022200
00022200
00012020
02222002
00021220
20022020
00222000
22202002
10002200
02201202


75
00000100
11100001
01010000
01001101
10011100
10100001
00111000
00101100
00011001
00000001
01011001
11000000
00010000
11101000
10001000
00001110
10001001
00010100
10011010
01111001
00110000
10001100
01111000
00011110
10001010
00110001
10000000
01100001
01101001
10000100
01001000
00000010
10100000
00000000
00011100
10101000
00001001
01101000
01110000
11000001
00101101
00011010
10010010
00100001
10000010
01001100
11001000
00011000
11001001
00111001
11100000
01101101
01100000
00101001
01010001
00001100
00001010
00001000
10011000
01110001
10101001
10010100
00010010
11101001
00010001
10000001
01000001
10010000
01011000
01101100
00100000
01000000
00101000
01001001
00001101
