6 8
02202220
02200000
01120002
01122220
01102222
01102220


49
00000100
01101011
00101100
00101010
00001110
01111110
00100010
00101110
01000010
01111000
00100100
01101111
01100001
01101001
01100010
01001000
00000010
00000110
00000000
01101000
01100101
01100100
01110000
01110100
01000100
01001100
01101110
01111100
01110010
01101101
01100011
01100000
01100111
00001010
00001100
00100110
01100110
01000110
00001000
01110001
01101100
00100000
01001010
01000000
01111010
01001110
00101000
01101010
01110110
