6 8
00000002
20000002
22222220
00000022
02222220
20000000


131
00000100
10101110
11101110
01010000
10011100
01011100
11000000
00000001
00111100
10001000
10001110
10111000
01111110
00100010
00101110
01000010
11110100
10001100
11101100
01111000
10111010
11110000
00011110
10001010
00010110
11010000
11100110
00111110
10100100
10110000
10000100
01001000
00000110
00000000
00011100
01100100
01110000
01110100
10110110
00011010
01011110
11100100
11101010
10000010
01101110
11001000
00011000
11001100
01011010
01100000
00001010
00001100
00100110
01100110
00110100
10011000
11100010
11111000
10101010
10000001
11110110
10010000
01101100
10110010
01001010
10111100
01001110
00101000
01101010
01110110
00000011
00110010
10100110
00111010
11011100
00111000
11000010
00101100
00101010
11101000
00010000
10100010
00001110
00010100
11111010
10011010
00110000
11011010
10010110
00100100
11110010
10000000
11010010
10111110
01100010
10000110
00000010
01010100
10100000
01101000
10101000
11001010
01000100
11011000
10010010
11010100
01001100
11000110
11010110
01111100
01110010
11000100
11100000
10101100
10110100
11111110
01000110
00001000
11011110
10010100
00010010
01010010
11001110
11111100
01011000
00100000
01000000
01111010
00110110
01010110
10011110
