17 8
00100212
00020020
00100012
00200000
22102000
00220020
02102022
20100000
20100022
02202000
00200022
20200000
00200210
00100020
00220012
00200010
02102220


47
10100001
00100111
01101011
00101100
00101010
00000001
11101000
00010000
10100010
00100010
00101110
00110000
00100100
10000000
01100001
01101001
00010011
01100010
01001000
00000010
00000110
10100000
00000000
01101000
10101000
01100100
00101011
00100001
01101110
00110011
11100000
01100011
01100000
00101001
00100011
00100110
01100110
00001000
00010010
01101100
00100000
01000000
10100011
00101000
01101010
00000011
00110010
