15 8
02202222
20202221
00101021
00121021
00222221
00102021
00202201
02200222
02000122
00122021
00000121
20101001
20101021
02000112
00200201


96
00000100
01001101
10100101
10100001
00100111
01001111
00000001
00110111
00101111
00001011
00100010
00101110
01000010
10000101
00111111
01000101
01101001
00100101
01001000
00000110
00110101
00000000
00001001
00011101
01100101
01100100
10001111
10101111
00101011
01101110
00000111
00111001
01100000
00101001
00001010
00001100
00100110
01100110
10101001
00010001
10000001
01101100
01001010
00011111
01001110
00101000
00001111
01101010
01000011
00000011
10001101
01101011
00101100
00011001
00101010
00111101
00010111
00001110
10001001
10001011
10101011
00100100
10100111
00110001
01101111
00000101
01100001
00010011
01100010
00000010
01101000
00111011
01001011
01000100
00101101
01000111
00100001
10101101
01001100
00110011
01101101
01100011
01100111
00100011
01000110
00001000
00011011
10000111
01000001
00010101
00100000
01000000
10100011
01001001
00001101
10000011
