14 8
20220002
02020020
00020022
00020020
00022000
00022200
00020002
22220000
00020200
00010200
20220000
20200020
20220200
02010200


46
00000100
01010000
10100001
11000000
00000001
00010000
10100010
00100010
00010100
01000010
00110000
11110000
00100100
00110001
10000000
11010000
00010011
10110000
10100100
10000100
00000010
01010100
10100000
00000000
00011100
01110000
10010001
00100001
10000010
00011000
11100000
01100000
10110100
00001100
00110100
00001000
10010100
00010010
01010010
00010001
10000001
10010000
10110001
00100000
01000000
00000011
