8 8
10110220
02002102
20220222
02000102
00002102
22220220
20220102
00002101


101
00000100
01010000
01001101
10100101
10100001
00100111
11000000
00000001
00110111
00100010
10110101
01000010
10000101
11110100
11110000
00010110
01000101
11010000
11100110
10100100
10110000
10000100
00100101
00000110
00110101
00000000
01100100
01110000
01110100
10110110
10010001
11100100
10000010
00000111
01100000
10010011
00001100
00100110
01100110
00110100
11100010
10010101
00010001
10000001
11110110
10010000
10110001
10110010
01110110
00000011
00110010
10010111
10100110
11000010
00010000
00010111
10100010
10110011
00010100
00110000
10110111
10010110
00100100
11110010
10100111
00110001
10000000
11010010
00000101
00010011
01100010
10000110
00000010
01010100
10100000
01000100
10010010
11010100
00100001
01001100
11000110
11010110
01110010
00110011
11000100
11100000
10110100
00100011
01000110
10000111
10010100
00010010
01010010
00010101
00100000
01000000
10100011
00110110
01010110
00001101
10000011
