12 8
22222002
02210200
01110120
01110200
01110220
22222200
02210120
01110002
02210100
01122120
01122220
22222000


107
11110001
00000100
01010000
10011100
10100001
01011100
10011001
11000000
00000001
00111100
10001000
10111000
01111110
01111001
11110100
10001100
11101100
01111000
11110000
11010001
00010110
11010000
01101001
10100100
10110000
10000100
01001000
00000000
00011100
00001001
01100100
01110000
01110100
10010001
11100100
01101110
11001000
00011000
11001100
10111001
00111001
01100000
00101001
00001100
01100110
00110100
01110001
10011000
10101001
11011001
11111000
00010001
10000001
10010000
01101100
10110001
10111100
00101000
01101010
01110110
11100001
11011100
11111001
00111000
00101100
00011001
01011001
11101000
00010000
10001001
00010100
00110000
00100100
00110001
10000000
01100001
01100010
01010100
10100000
11000001
01101000
10101000
01000100
11011000
11010100
00100001
01001100
01111100
11001001
01110010
11000100
11100000
10101100
10110100
01010001
00001000
10010100
11101001
01000001
11111100
01011000
00100000
01000000
01111010
00110110
01010110
01001001
