10 8
22202222
01102022
02200000
02202022
22202022
22200000
01122022
22220200
20000000
02220000


151
00000100
10101110
11101011
11101110
01010000
01001101
10100101
10100001
00100111
01001111
11000000
00000001
00101111
10001000
10001110
00001011
00100010
00101110
01000010
01111001
10000101
11110100
10001100
11101100
01111000
11110000
10001010
01000101
11010000
11100110
01101001
10100100
10110000
10000100
00100101
01001000
00000110
00000000
00001001
01100101
01100100
01110000
01110100
10001111
10101111
00101011
11100100
11101010
10000010
01101110
11001000
11001100
00000111
11001111
01100000
00101001
00001010
00001100
00100110
01100110
00110100
01110001
01110011
10101001
11100010
10101010
10000001
10010000
01101100
01001010
01001110
00101000
00001111
01101010
01000011
00000011
10001101
11100001
11000011
10100110
11000010
01101011
00101100
00101010
11101000
00010000
10100010
00001110
10001001
00010100
11100101
00110000
11000111
10001011
10101011
00100100
10100111
11001101
10000000
01101111
00000101
01100001
01100010
10000110
00000010
01010100
10100000
11000001
01101000
10101000
11001010
11001011
01001011
01000100
00101101
01000111
11010100
00100001
10101101
01001100
11000110
11001001
11000101
01110010
11000100
11100000
01101101
01100011
10101100
01100111
10110100
00100011
01000110
00001000
10000111
10010100
11100011
11101001
11101101
01111011
01000001
11001110
00100000
01000000
01111010
10100011
11101111
11100111
01001001
00001101
10000011
