12 8
20000220
00121001
00122002
00222222
00122001
02000220
00000220
22000000
20202002
00200220
02202002
20000000


87
00000100
10100001
00100111
11000000
00000001
00111100
00110111
00101111
10001000
00001011
00100010
00101110
01000010
00111111
00011110
00010110
00111110
01101001
10000100
00100101
01001000
00000110
00110101
00000000
00011100
00001001
00011101
00011010
00101011
10000010
00011000
00000111
00111001
01100000
00101001
00001010
00001100
00100110
00110100
10101001
00010001
10000001
00011111
00101000
00001111
00000011
00110010
00111010
00111000
00101100
00011001
00101010
00010000
00111101
00010111
00001110
10001001
00010100
00110000
00100100
00110001
10000000
00000101
01100001
00010011
10000110
00000010
10100000
01101000
10101000
00111011
01000100
00101101
00100001
00110011
00100011
01000110
00001000
00011011
00010010
01000001
00010101
00100000
01000000
00110110
01001001
00001101
