9 8
02020222
22000100
02220022
20020222
00022222
20000100
02202200
02002100
00020222


89
00000100
01010000
00000001
00001011
00100010
01000010
10000101
01010111
00011110
00010110
01000101
10000100
01001000
00000110
00000000
00011100
00001001
00011101
01100100
01110000
10010001
00011010
10000010
00011000
00000111
01100000
10010011
00001010
00001100
01110001
01110011
10010101
00010001
10000001
10010000
01101100
00011111
00101000
00001111
01000011
00000011
00110010
10010111
00101100
00011001
00010000
00010111
00001110
01010011
00010100
00110000
01010101
10010110
00100100
00110001
10000000
00000101
01100001
00010011
01100010
10000110
00000010
01010100
01101000
01000100
01000111
10010010
00100001
01001100
01110010
00110011
11000100
01100011
01010001
00100011
01000110
00001000
00011011
10000111
10010100
00010010
01010010
01000001
00010101
00100000
01000000
01010110
00001101
10000011
