13 8
00210010
00022210
02020020
02020022
00220210
00020210
00212010
00022020
00000222
02012010
02020210
00220022
02210010


42
00000100
01010000
00111010
00000001
00010000
00001110
01010011
00100010
01000010
00110000
00011110
00010110
00110001
00000101
00010011
00000010
00000110
00000000
00011010
00100001
00011000
00000111
01110010
00110011
01011010
00001010
01010001
00100110
00100011
01000110
00001000
00010010
01010010
00010001
01000001
00100000
01000000
00110110
01010110
01000011
00000011
00110010
