8 8
02110001
00210001
02210001
20010000
00022022
02210202
20022020
02222220


87
00000100
01010000
01011100
00000001
00111100
10001000
00001011
01111110
00100010
00101110
01000010
01111000
00011110
10001010
00010110
00111110
01001000
00000110
00110101
00000000
00011100
00001001
01100100
01110000
01110100
00011010
01011110
10000010
01101110
00011000
01011010
01100000
00001010
00001100
00100110
01100110
00110100
01110001
10011000
01110101
00010001
10010000
01101100
01001010
01001110
00101000
01101010
01110110
00000011
00110010
00111010
00111000
00101100
00011001
00101010
00010000
00001110
00010100
10011010
00110000
01010101
00100100
00110001
10000000
00010011
01100010
00000010
01010100
01101000
01000100
10010010
01001100
01111100
01110010
01010001
01000110
00001000
00011011
00010010
01010010
01011000
00010101
00100000
01000000
01111010
00110110
01010110
