11 8
02000200
20000002
20200002
02000000
00022000
02022002
02200000
02000100
20022202
02000020
20000202


48
10001101
00000100
01010000
10011100
10100001
10011001
00011001
00000001
01011001
00010000
10001000
10001001
00010100
01000010
10000101
10001100
10000000
00000101
10000100
01001000
00000010
10100000
00000000
00001001
00011100
00011101
01000100
10010001
00100001
00011000
01100000
01010001
00001100
00001000
10011000
10010100
10010101
00010001
10000001
01000001
10011101
10010000
01011000
00010101
00100000
01000000
01001001
00001101
