13 8
21000020
21000012
02020000
11002210
02000000
22002220
22022220
22020020
21002220
00220000
02200022
02000022
21002212


84
00000100
01010000
10011100
01011100
01001111
11000000
00000001
10001000
10001110
00100010
01000010
10001100
00011110
10001010
00010110
11010000
10000100
01001000
00000110
00000000
00011100
00011010
01011110
10000010
11001000
00011000
11001100
11001111
01011010
01100000
00001010
00001100
10011000
10010000
01001010
01001110
01000011
00000011
11000011
11011100
11000010
00010000
00001110
00010100
10011010
00110000
11000111
11011010
10010110
10000000
11010010
01100001
01100010
10000110
00000010
01010100
11001010
11001011
01001011
01000100
11011000
01000111
10010010
11010100
00100001
01001100
11000110
11010110
11000100
01100011
00100011
01000110
00001000
11011110
10010100
00010010
01010010
01000001
11001110
01011000
00100000
01000000
01010110
10011110
