9 8
02002020
02022220
00020200
20220102
00210100
20020102
20000202
02222220
00220200


79
00000100
01010000
10100101
01011100
00000001
00111100
01111110
00100010
00101110
10110101
01000010
10000101
01111000
00011110
00010110
00111110
10100100
10000100
00100101
01001000
00000110
00110101
00000000
00011100
01100100
01110000
01110100
00011010
01011110
01101110
00011000
01011010
01100000
00001010
00001100
00100110
01100110
00110100
10010101
10000001
01101100
01001010
01001110
00101000
01101010
01110110
00110010
00111010
00111000
00101100
00101010
00010000
00001110
00010100
00110000
00100100
10000000
00000101
01100010
00000010
01010100
01101000
01000100
01001100
01111100
01110010
10110100
01000110
00001000
10010100
00010010
01010010
01011000
00010101
00100000
01000000
01111010
00110110
01010110
