12 8
20200011
22000221
10202011
22022021
01020201
02020021
20002011
22200202
22220021
22220002
22200221
20000011


90
11110001
00000100
01010000
10100101
10100001
00100111
10011001
11000000
00000001
00001011
10000101
01011011
11110000
11010001
01000101
11010000
11010011
10100100
10110000
10000100
00100101
00000000
00001001
01100101
01100100
01110000
10010001
11100100
00000111
01100000
10010011
01110001
01110011
11011001
00010001
10000001
10010000
10110001
01000011
00000011
11100001
11000011
00011001
01011001
00010000
01010011
10110011
10001001
11100101
00110000
11000111
10001011
10101011
01010101
00100100
10100111
00110001
10000000
00000101
01100001
00010011
11110011
10100000
11000001
11001011
01001011
01000100
01000111
00100001
11001001
11000101
00110011
11000100
11100000
01100011
10011011
01100111
01010001
00100011
00011011
10000111
11100011
11011011
01000001
00100000
01000000
10100011
11100111
01001001
10000011
