11 8
20202000
20200200
00022202
00021002
00002200
00022200
00011002
02202020
02222022
20222002
02222020


91
00000100
01010000
10100001
10011001
00000001
10001000
00001011
10111000
00100010
01000010
01111001
01011011
01111000
01101001
10100100
10110000
10000100
01001000
00000000
00011100
00001001
00011101
01110000
10010001
00011010
00101011
00011000
10111001
00111001
01011010
01100000
00101001
00001010
00001100
01110001
10011000
01110011
10101001
00010001
10000001
10010000
10110001
01001010
00101000
01101010
01000011
00000011
00110010
00111010
00111000
01101011
00011001
00101010
01011001
00010000
01010011
10001001
00010100
00110000
00100100
00110001
10000000
00000101
01100001
00010011
01100010
00000010
10100000
01101000
10101000
00111011
01001011
00100001
01110010
00110011
01100011
01010001
00100011
00001000
00011011
00010010
01010010
01111011
01000001
01011000
00010101
00100000
01000000
01111010
01001001
00001101
