6 8
00000200
02022101
02022102
20200100
22222102
00000102


65
10001101
00000100
01111101
11011101
01001101
10011100
10100101
11011100
01011100
10111101
00101100
00111100
11010101
00111101
00010100
10110101
11100101
10000101
11110100
10001100
01010101
11101100
00100100
11001101
01000101
01011101
00000101
10100100
10000100
00100101
01010100
00000000
00011100
00110101
00011101
01100101
01100100
01110100
01000100
11110101
00101101
11010100
11100100
10101101
01001100
01111100
11001100
11000101
11000100
01101101
10101100
10110100
00001100
00110100
10010100
10010101
01110101
11101101
10011101
11111100
01101100
00010101
10111100
11111101
00001101
