15 8
00000002
20000002
00002201
00000020
02002222
20002002
00002001
00220020
02000222
00000222
02000122
00002022
20000202
20000000
00220022


50
00000100
01001101
01001111
00000001
00010000
10001000
00001011
00001110
10001001
00100010
01000010
00110000
10000101
00110001
10000000
01000101
00000101
00010011
10000100
01001000
00000010
00000110
00000000
00001001
01001011
01000100
01000111
00100001
01001100
00000111
00110011
00001010
00001100
00100011
01000110
00001000
00010010
00010001
10000001
01000001
00100000
01001010
00000011
01000000
01001110
01001001
00001111
01000011
00001101
00110010
