11 8
02202220
20222200
00222202
20011002
01002220
22021020
02022202
20011000
02022200
02021020
22022200


93
00000100
01010000
01001101
10011100
01011100
10011001
11000000
00000001
00111100
10001000
10111000
00100010
00101110
01000010
10001100
10001010
01000101
11010000
10100100
10110000
10000100
00100101
01001000
00110101
00000000
00011100
00001001
00011101
01100100
00011010
01101110
11001000
00011000
11001100
00111001
01011010
00101001
00001010
00001100
00100110
01100110
00110100
10011000
00010001
10010000
01001010
10111100
01001110
00101000
01101010
11011100
00111000
00101100
00011001
00101010
01011001
00010000
00111101
00010100
10011010
00110000
01010101
11011010
00100100
00110001
10000000
01011101
00000101
01100010
01010100
10100000
10101000
11001010
01000100
11011000
00101101
11010100
00100001
01001100
11000100
10101100
10110100
01010001
01000110
00001000
10010100
01000001
01011000
00010101
00100000
01000000
01001001
00001101
