6 8
22222012
22222222
20111222
01000220
02222220
02222010


200
11110001
00000100
11101011
11011101
01010000
01001101
10011100
10100101
10100001
01011100
10011001
11000000
00111100
11010101
00001011
10111000
01111110
00100010
00101110
10110101
10011111
01000010
10000101
11110100
10001100
00111111
11101100
01011011
01111000
10111010
00011110
11010001
10001010
00010110
01000101
11010011
11011111
00111110
10100100
10000100
00100101
01001000
00000110
00110101
00000000
00011100
00011101
01100101
01100100
01110000
01110100
10001111
10101111
10010001
00011010
00101011
01011110
11100100
11101010
10000010
01101110
00011000
11001100
10111011
10111001
11111011
00111001
11001111
01011010
01100000
10010011
00001010
00001100
00100110
01100110
00110100
01110011
10101001
11100010
11011001
10010101
01110101
10101010
10000001
10011101
01101100
10110001
10110010
01001010
10111100
01001110
00101000
01101010
01110110
01000011
00000011
00110010
10010111
10001101
11100001
10111111
11000011
01111101
00111010
10111101
11011100
11111001
00111000
11000010
01101011
00101100
00101010
00010000
00111101
10100010
00001110
01010011
10110011
10001001
00010100
11111010
10011010
11100101
00110000
11000111
10001011
10101011
11010111
01010101
10110111
11011010
00100100
11110010
10100111
11001101
11010010
01011101
00000101
11110111
00010011
10111110
11110011
01100010
00000010
01010100
11000001
01101000
00111011
11001010
11001011
01001011
01000100
11110101
00101101
01000111
10010010
11010100
10101101
01001100
11000110
01111100
11001001
11000101
01110010
00110011
11000100
01101101
01100011
10011011
10101100
10110100
00100011
11111111
01000110
00001000
00011011
10000111
10010100
00010010
01010010
11100011
11101001
11101101
11011011
01111011
01000001
11111100
01011000
00010101
00100000
01000000
01111010
10100011
11101111
11100111
00110110
01010110
11111101
00001101
10000011
