6 8
02202222
20202022
20000200
22202020
00020200
01202220


77
00000100
01001101
10100001
00100111
01001111
11000000
00000001
00101111
10001000
00001011
00100010
01000010
10001010
01000101
10000100
00100101
01001000
00000000
00001001
01100101
01100100
00101011
11101010
10000010
01101110
11001000
00000111
01100000
00101001
00001010
01100110
10101001
11100010
10101010
10000001
01101100
01001010
01001110
00101000
00001111
01101010
00000011
11000010
01101011
00101010
11101000
00010000
10100010
10001001
00010100
10001011
10101011
10000000
01101111
00000101
01100010
00000010
10100000
01101000
10101000
11001010
01000100
00101101
01000111
00100001
01001100
11100000
01101101
01100111
00100011
01000110
00001000
00100000
01000000
10100011
00001101
10000011
