10 8
00000102
22002202
00020122
00002001
22220202
22020202
00002202
00220221
00200201
22022202


106
11110001
00000100
11011101
01010000
01001101
10011100
10100101
10100001
01011100
00100111
10011001
11000000
00000001
00110111
11010101
10001000
10110101
10000101
11110100
10001100
11110000
11010001
00010110
01000101
11010000
10100100
10110000
10000100
00100101
01001000
00000110
00110101
00000000
00011100
00001001
00011101
01100101
01100100
01110000
01110100
10010001
11100100
11001000
00011000
11001100
00000111
01100000
00001100
00110100
01110001
10011000
11011001
10010101
01110101
00010001
10000001
10011101
10010000
10110001
00000011
10001101
11100001
11011100
00011001
01011001
00010000
00010111
10001001
00010100
11100101
00110000
01010101
00100100
11001101
00110001
10000000
01011101
00000101
01100001
00010011
01010100
10100000
11000001
01000100
11011000
11110101
11010100
00100001
01001100
11001001
11000101
00110011
11000100
11100000
10110100
01010001
00100011
00001000
10010100
01000001
01011000
00010101
00100000
01000000
01001001
00001101
