10 8
22222002
22222202
00022000
00222000
00022200
00011020
00011200
00022020
22200002
22222022


192
11110001
00000100
11101011
11011101
01010000
01001101
10011100
10100101
10100001
01011100
10011001
11000000
00000001
00111100
11010101
10001000
00001011
10111000
00100010
10110101
01000010
01111001
10000101
11110100
10001100
11101100
01011011
01111000
10111010
11110000
11010001
10001010
01000101
11010000
11010011
01101001
10100100
10110000
10000100
00100101
01001000
00110101
00000000
00011100
00001001
00011101
01100101
01100100
01110000
01110100
10010001
00011010
00101011
11100100
11101010
10000010
11001000
00011000
11001100
10111011
10111001
11111011
00111001
01011010
01100000
10010011
00101001
00001010
00001100
00110100
01110001
10011000
01110011
10101001
11100010
11011001
10010101
01110101
11111000
10101010
00010001
10000001
10011101
10010000
01101100
10110001
10110010
01001010
10111100
00101000
01101010
01000011
00000011
00110010
10001101
11100001
11000011
01111101
00111010
10111101
11011100
11111001
00111000
11000010
01101011
00101100
00011001
00101010
01011001
11101000
00010000
00111101
10100010
01010011
10110011
10001001
00010100
11111010
10011010
11100101
00110000
10001011
10101011
01010101
11011010
00100100
11110010
11001101
00110001
10000000
11010010
01011101
00000101
01100001
00010011
11110011
01100010
00000010
01010100
10100000
11000001
01101000
10101000
00111011
11001010
11001011
01001011
01000100
11011000
11110101
00101101
10010010
11010100
00100001
10101101
01001100
01111100
11001001
11000101
01110010
00110011
11000100
11100000
01101101
01100011
10011011
10101100
10110100
01010001
00100011
00001000
00011011
10010100
00010010
01010010
11100011
11101001
11101101
11011011
01111011
01000001
11111100
01011000
00010101
00100000
01000000
01111010
10100011
11111101
01001001
00001101
10000011
