13 8
02222200
00002000
00211022
00002020
02022220
00021012
02002220
20001000
00021022
00222000
00021010
00221000
02022222


84
00000100
01010000
01001101
01011100
01001111
00000001
00111100
10001000
00001011
01000010
01010111
01011011
01111000
00011110
00010110
01000101
01001000
00000110
00000000
00011100
00001001
00011101
01100100
01110000
01110100
00011010
01011110
00011000
00000111
00111001
01011010
01100000
00001010
00001100
00110100
00010001
01101100
01001010
00011111
01001110
00101000
00001111
01000011
00000011
00111010
00111000
00101100
00011001
01011001
00010000
00010111
00001110
01010011
00010100
00110000
01011111
01010101
00100100
01011101
00000101
00010011
00000010
01010100
01101000
00111011
01001011
01000100
01000111
01001100
01111100
01010001
01000110
00001000
00011011
00010010
01010010
01000001
01011000
00010101
00100000
01000000
01010110
01001001
00001101
