12 8
20000220
00121001
00122002
00222222
00122001
02000220
00000220
22000000
20202002
00200220
02202002
20000000


57
00000100
10100001
11000000
00000001
00110111
10001000
00100010
01000010
00111111
00011110
00010110
00111110
01101001
10000100
01001000
00000110
00000000
00001001
00011101
10000010
00000111
00111001
01100000
00101001
00100110
10101001
10000001
00011111
00101000
00001111
00111000
00011001
00111101
00010111
00001110
10001001
00110000
00100100
00110001
10000000
01100001
10000110
00000010
10100000
01101000
10101000
00111011
01000100
00100001
01000110
00001000
00011011
01000001
00100000
01000000
00110110
01001001
