9 8
20022000
22002002
00200222
00020002
00000022
02020002
02000022
20002020
20202202


52
10001101
00000100
01010000
10100101
00100111
00101100
11000000
00000001
00010000
10001000
10001001
00100010
01000010
10001100
00100100
10001010
10000000
00000101
10100100
00100101
01001000
00000010
00000110
00000000
11000001
00001001
10101000
00101101
00100001
10101101
10000010
11001000
00011000
11001001
00000111
10101100
01010001
00001010
00100110
00100011
00001000
10011000
10101001
00010001
10000001
01000001
10010000
01000011
00100000
01000000
01001001
00000011
