15 8
02002000
02001022
02022000
00020020
22202012
20200020
00022222
00002012
00002022
02022200
22220020
02002012
02022022
02010200
20220220


98
00000100
11101011
01010000
01011100
11000000
00000001
00001011
00100010
01000010
01011011
11110000
00011110
00010110
11010000
10100100
10110000
10000100
01001000
00000110
00000000
00011100
00001001
00011101
01110000
10110110
00011010
00101011
11101010
10000010
00011000
00000111
01011010
01100000
00001010
00001100
00100110
00110100
11100010
10101010
00010001
10010000
10110010
01001010
00011111
00001111
01000011
00000011
00110010
10100110
11000010
01101011
00011001
01011001
00010000
00010111
10100010
00001110
01010011
00010100
00110000
10001011
10101011
10010110
00100100
11110010
10000000
11010010
00000101
00010011
01100010
10000110
00000010
01010100
10100000
11001011
01001011
01000100
10010010
01001100
01110010
11100000
10110100
01010001
00001000
00011011
10010100
00010010
01010010
11100011
01000001
01011000
00010101
00100000
01000000
10100011
00110110
01001001
00001101
