7 8
00022220
00202202
00002220
02022220
00200022
20002220
00021100


51
00000100
01010000
01011100
00101100
00000001
00010000
10001000
10001110
00001110
00100010
00010100
01000010
10001100
00011110
10001010
00010110
10000000
10000100
00100101
01001000
00000010
00000110
00000000
00011100
01010100
10000110
01000100
00101101
00011010
01011110
00100001
01001100
10000010
00011000
01011010
00101001
00001010
00001100
00100011
01000110
00001000
00010010
01010010
01011000
00100000
01001010
01000000
00000011
01001110
01010110
00001101
