13 8
20220100
02200100
20202200
20200220
20020100
20000100
22202200
02100100
10000102
22200102
10022200
20000102
10002200


55
00000100
10100110
10011100
10100101
00101100
11000000
11101000
10001000
10100010
00100010
00010100
11100101
10000101
10001100
11101100
00100100
10000000
01000101
00000101
10100100
10000100
00100101
10000110
00000010
00000110
00000000
10100000
01001000
10101000
01101000
01100100
01100101
01000100
11100100
10000010
01001100
11001000
11001100
11000101
11000100
11100000
10101100
01100000
10110100
00001100
00100110
00110100
00001000
10011000
10010100
10010000
01101100
00100000
01000000
00101000
