8 8
02110001
00210001
02210001
20010000
00022022
02210202
20022020
02222220


51
01010000
00000001
10001000
00001011
01111110
00101110
10001010
00110101
00000000
00001001
01100100
01110000
01110100
00011010
10000010
01101110
00011000
00001010
01100110
00110100
01110001
10011000
01110101
00010001
10010000
01101100
01001010
01001110
01101010
01110110
00000011
00011001
00101010
00010000
00001110
00010100
10011010
00110000
01010101
00110001
10000000
00010011
00000010
01010100
10010010
01111100
01010001
00001000
00011011
00010010
00010101
