12 8
20202000
00120000
02222200
02002000
00002000
00220202
02002022
02202020
00222000
00120200
20122200
20102000


63
00000100
01010000
00111000
01011100
00101100
00000001
00111100
00101010
00010000
10001000
00001011
10111000
00100010
00010100
01000010
00110000
01100010
01111000
00100100
00110101
00110001
10000000
00000101
10100100
10110000
00100101
01001000
00000010
01010100
10100000
00000000
00011100
10101000
01101000
01100100
01110100
01000100
00001001
01001011
00100001
01001100
00011000
01111100
01100000
10101100
10110100
00001010
00110100
00001000
00010001
01000001
01101100
01011000
00100000
01000000
00010101
01001010
01001001
00101000
10111100
01101010
01000011
00000011
