14 8
11002020
11202222
22000202
22002020
11001020
11200101
11002222
11002000
22002000
11200202
22020101
11002202
22000000
22022202


76
00000100
11101011
11101110
11011101
10011100
01011100
10011001
11000000
00000001
11010101
10001000
01000010
10000101
11101100
10001010
01000101
11100110
10000100
01001000
00000000
00011100
00011101
11100100
11101010
10000010
11001000
00011000
11001100
11001111
00001010
10011000
11100010
11011001
10010101
00010001
10000001
10011101
01001010
11100001
11000011
11011100
11000010
00011001
01011001
11101000
00010000
00010100
11100101
11000111
01010101
11001101
10000000
01011101
00000101
00000010
11000001
11001010
11001011
01000100
11011000
11000110
11001001
11000101
11000100
11100000
00001000
11100011
11101001
11101101
01000001
11001110
01011000
00010101
01000000
11101111
11100111
