12 8
02222200
00222200
00022000
00200000
21100122
02100120
01222220
00100200
00000220
22200202
22100102
00200220


71
00000100
01010000
10100101
10100001
01011100
11000000
00000001
00111100
01111110
00100010
01000010
10000101
01111000
11100110
10100100
00100101
01001000
00000110
00000000
00011100
01100101
01100100
01110000
01110100
01011110
11100100
01101110
00011000
01011010
01100000
00001100
00100110
01100110
00110100
10000001
01101100
01001010
01001110
00101000
01101010
01110110
11100001
00111000
00101100
00010000
00010100
11100101
00110000
00100100
10000000
01100010
00000010
01010100
11000001
01101000
01000100
01001100
01111100
11000101
01110010
01100111
01000110
00001000
01010010
01000001
01011000
00100000
01000000
01111010
11100111
01010110
