12 8
20222110
20000222
10220222
02002110
22220110
00000222
02000222
20000001
22000001
22000222
02000110
22220222


113
11110001
00000100
10101110
01010000
10100101
10100001
11000000
00000001
00110111
10001110
00101110
10110101
01000010
10000101
11110100
01010111
11110000
00011110
11010001
00010110
01000101
11100110
00111110
10100100
10110000
10000100
00000110
00110101
00000000
01100101
01100100
01110000
01110100
10110110
10010001
10000010
00000111
01110111
01100000
10010011
00100110
01100110
00110100
01110001
01110011
10010101
01110101
00010001
10000001
11110110
10010000
10110001
10110010
01001110
01110110
01000011
00000011
00110010
10010111
11100001
11000011
10100110
11000010
10100010
00001110
01010011
10110011
00110000
11000111
01010101
10110111
10010110
11110010
10100111
00110001
10000000
00000101
01100001
11110111
10111110
11110011
01100010
10000110
00000010
01010100
10100000
11000001
01000100
11110101
01000111
10010010
00100001
11000110
11010110
11000101
01110010
00110011
11000100
01100011
01100111
10110100
01010001
01000110
10000111
10010100
01010010
01000001
01000000
10100011
00110110
01010110
10000011
10011110
