11 8
22010222
02200000
02022202
01222202
02012121
02220222
00020222
21220000
22020000
02020221
00010121


106
00000100
01010000
01001101
01011100
00100111
11000000
00000001
00110111
11010101
00100010
01111001
01010111
01111000
11110000
11010001
00010110
01000101
11010000
11010011
01101001
00100101
01001000
00000110
00000000
00011100
00001001
00011101
01100101
01100100
01110000
01110100
10010001
00011000
00000111
01110111
01100000
10010011
00001100
00100110
01100110
00110100
01110001
01110011
10010101
01110101
00010001
10010000
01101100
00011111
01110110
01000011
00000011
00110010
10010111
01111101
00011001
01011001
00010000
00010111
01010011
00010100
00110000
01011111
11010111
01010101
10010110
00100100
10000000
11010010
01011101
00000101
01100001
00010011
01100010
00000010
01010100
01101000
01000100
01000111
10010010
11010100
00100001
01001100
11010110
01111100
01110010
00110011
11100000
01101101
01100011
01100111
01010001
00100011
00001000
10010100
00010010
01010010
01000001
01011000
00010101
00100000
01000000
00110110
01010110
01001001
00001101
