9 8
00222011
00100012
20100011
02100222
22100022
02222022
20222011
00202010
00222012


63
01010000
10100001
00100111
00001011
00100010
01111001
01011011
01111000
01101001
00100101
01001000
01100101
01100100
01110000
00011010
00101011
00011000
10111011
01011010
01100000
10010011
00001010
00100110
01100110
01110001
11100010
00000011
00110010
11100001
00111010
00011001
00101010
01011001
10100010
10110011
10001011
10101011
00100100
01100001
00010011
01100010
00000010
10100000
01101000
00111011
00100001
00110011
11100000
01100011
10011011
01100111
01010001
00100011
00011011
00010010
11100011
01000001
01011000
00100000
01000000
10100011
01001001
10000011
