15 8
00222200
20001200
02022002
02022001
02010022
00022200
22022002
02010002
00001200
20001002
20022020
00222002
20222000
00210020
00022002


65
00000100
01010000
00111000
10011001
00101100
00011001
00000001
00111100
01011001
00010000
11000000
10001000
01010011
10111000
10001001
00010100
10011010
00110000
10001100
00100100
11010001
10001010
00110001
10000000
11010000
00010011
10110000
01001000
00000010
00000000
00011100
00001001
11000001
10100000
10101000
11011000
10010001
00011010
10010010
00100001
10000010
11001000
00011000
11001001
00111001
00101001
01010001
00001100
00001010
00110100
00001000
10011000
00010010
01010010
11011001
00010001
10000001
01000001
10010000
01011000
00100000
01000000
00101000
01001001
00110010
